probabilities sum to 1.000000
Code tree for exact:
            14
         13 14  cost 0.133333
            13
      11 14  cost 0.533333
            12
         11 12  cost 0.133333
            11
   7 14  cost 1.600000
            10
         9 10  cost 0.133333
            9
      7 10  cost 0.533333
            8
         7 8  cost 0.133333
            7
0 14  cost 3.933333
            6
         5 6  cost 0.133333
            5
      3 6  cost 0.533333
            4
         3 4  cost 0.133333
            3
   0 6  cost 1.333333
            2
         1 2  cost 0.133333
            1
      0 2  cost 0.333333
         0
Codes & prob*# of bits
0 000 0.200000
1 0010 0.266667
2 0011 0.266667
3 0100 0.266667
4 0101 0.266667
5 0110 0.266667
6 0111 0.266667
7 1000 0.266667
8 1001 0.266667
9 1010 0.266667
10 1011 0.266667
11 1100 0.266667
12 1101 0.266667
13 1110 0.266667
14 1111 0.266667
Expected bits per symbol 3.933333
