probabilities sum to 1.000000
Code tree for exact:
            19
         17 19  cost 0.244980
               18
            17 18  cost 0.092369
               17
      15 19  cost 0.614458
            16
         15 16  cost 0.108434
            15
   10 19  cost 1.726908
               14
            13 14  cost 0.092369
               13
         12 14  cost 0.240964
            12
      10 14  cost 0.598394
            11
         10 11  cost 0.104418
            10
0 19  cost 4.361446
            9
         7 9  cost 0.236948
               8
            7 8  cost 0.092369
               7
      5 9  cost 0.582329
            6
         5 6  cost 0.100402
            5
   0 9  cost 1.634538
            4
         3 4  cost 0.108434
            3
      0 4  cost 0.566265
            2
         0 2  cost 0.216867
               1
            0 1  cost 0.084337
               0
Codes & prob*# of bits
0 00000 0.200803
1 00001 0.220884
2 0001 0.192771
3 0010 0.208835
4 0011 0.224900
5 0100 0.160643
6 0101 0.240964
7 01100 0.240964
8 01101 0.220884
9 0111 0.208835
10 1000 0.240964
11 1001 0.176707
12 1010 0.224900
13 10110 0.220884
14 10111 0.240964
15 1100 0.224900
16 1101 0.208835
17 11100 0.240964
18 11101 0.220884
19 1111 0.240964
Expected bits per symbol 4.361446
